9050b5c1cd81bf6335e331c0562f0d469059dec597673769d874e5aef1092efb 1 1 5 0
e3f2b08afe78b95d512318c1a1cbe7d230a13ceb7f6ffcc384c6fa8fba1dbdd7 1 1 1172 0
a6e8bf0276c86f380bb7f8e665add564f3ee5529560769bcbb3f34600d795396 1 1 755 0
0e0b07d12470c4772cfc794f93ef83edbd943a1b742c5555c5be17fd4d645325 1 1 588 0
46cc1de4082d8af916499c368f1f718d019c3c9dac279ca0a00b747723c9c3cb 5 5 362 10
729cadff57035ea5da7a8bdf401281082cc71e52abeea363d6b98c9ede78785b 3 3 288 1
c121683cc11b440d8d29f2eef01109a1460468b76a026d626d2cc104a3b444b2 2 2 4 0
8ca715c03b74c4c17ba794487e1fbdf59bf64fe92c7c6d4845f3c74bd351b3ce 27 27 4422 33
93a92bf763c5aed8889100563e2e9d3d046dcf07babe01d682d4783a7aa14658 3 2 308 0
30aec3ef247aabc70b25fda074f27aeb40c06b6dea4928750791c139e4c8a9a4 16 12 1116 249
d812699f64b68e57be9f088a5a9ae23f8e6f814f971a82034127e966a96f2970 3 1 1 0
1566f6b54aab1410dc01492acea31d971de7273eb34d57058d03ff3977df8843 2 2 1219 0
abc62ba00c2cbd27d9ed3bd02bd26618b2dcdaf23d1443d1711b2c06bfc82fb7 6 6 573 106
8df8fcd96295cc66fbe863853a9fba3354fd77fe013bcdce9eae67693b474a8d 1 1 82228 0
9d433fc2974088219060841d10bad863d74a519f1844108db2604f3b43326879 59 31 4115 1892
fef61db1aed02ca9ee0dc56fc0b3beb04063a18cae94c80fbdf6ec7851526d0d 2 2 538 0
2b34b44a57a87742bd9189bb2c0823658ba6a88f4e2b1026c9d77b5b91c4cfd9 7 7 1441 111
05fb7a3e7e3a682ed117613464ed1d3298cf82943b3e9a0df7cb45d27b08f7ea 3 3 1235 1
f2d7f7c9b77c912ff5a6699b93da123e6748d984039677985e6abdf3fc8781e8 1 1 1284 0
28bd3d814218d03d3fc059626ba5b20a894728908497224671d9189c39b8e64e 7 7 4643 5
4d275b7376d2c7c35fef03cfaab5d67b895a46fa6b60274d974dc08459731b26 4 4 4505 41
4fff6f31edd7eb334570d883e18540d3029275870c310ff27916392e0fbf7a09 3 3 3729 69
bae4df72f8012995b503f9323b0888008d71e452f4d29b1e917fffabfe59c3ef 3 3 2072 0
5f63a97048328cdcee9db940f3de8a0eadd327cd9c52989d4ae5d25eaedbf595 98 61 11816 5042
258cd0f0a5edfff22d1950b411728ec16ebf6a7488d10035d0d620ccc627bb2e 83 79 3309 2447
d125bde79be9c503524d899ad2e34fffb5847915a091870eeb0ab3e6621239b8 28 16 40929 7287
a8e49078363475d3a439bec3853ec76ecd4e8ef774a2c17acc66d23d7b911962 4 4 10334 51
af724459108be7dc1ab454baca67ad6b5012e39a433d9c358905bba3ea04c41c 22 17 4052 1438
80afa83374f41eaa8bc4811f039cffae62b829615575e0916d08089e6830f83a 3 3 1348 2
ca9a75392999ae59eb482f7fe03d6694bdd0f43f2941fdd41775f054b4891c04 3 3 37629 30729
b5fa11122a8355fe19ac2c4635c5d03af34263ba4dd48fbe4439aeab23f7ee63 1 1 78 0
